Date,Cash Sale,Installment Sale,Received,Entry,Debit,Credit
2020-01-01,560,1094,256,816,838,253.61
2020-01-02,209,272,313,522,-41,134.2
2020-01-03,912,1675,319,1231,1356,318.31
2020-01-04,572,1079,117,689,962,260.1
2020-01-05,966,916,182,1148,734,424.09
2020-01-06,494,1559,129,623,1430,186.36
2020-01-07,361,419,137,498,282,187.2
2020-01-08,498,212,427,925,-215,75.29
2020-01-09,825,1540,238,1063,1302,359.01
2020-01-10,784,1846,140,924,1706,454.17
2020-01-11,546,450,325,871,125,57.6
2020-01-12,374,1544,197,571,1347,368.14
2020-01-13,309,1025,425,734,600,502.78
2020-01-14,545,1433,350,895,1083,282.27
2020-01-15,559,779,405,964,374,115.1
2020-01-16,670,1980,228,898,1752,452.7
2020-01-17,611,1877,204,815,1673,248.51
2020-01-18,986,1829,417,1403,1412,219.08
2020-01-19,955,1643,300,1255,1343,548.84
2020-01-20,742,1659,203,945,1456,404.41
2020-01-21,582,1605,346,928,1259,365.78
2020-01-22,185,1267,349,534,918,495.24
2020-01-23,695,393,357,1052,36,66.69
2020-01-24,545,1142,405,950,737,357.13
2020-01-25,475,1236,170,645,1066,351.29
2020-01-26,694,1598,104,798,1494,702.1
2020-01-27,229,1747,220,449,1527,314.37
2020-01-28,392,1234,408,800,826,251.25
2020-01-29,194,1483,253,447,1230,236.56
2020-01-30,667,1905,477,1144,1428,548.05
2020-01-31,792,1479,410,1202,1069,719.64
2020-02-01,647,823,211,858,612,233.94
2020-02-02,836,1526,259,1095,1267,418.42
2020-02-03,485,1835,146,631,1689,270.45
2020-02-04,975,432,178,1153,254,204.25
2020-02-05,468,1849,346,814,1503,768.84
2020-02-06,277,1368,370,647,998,386.78
2020-02-07,298,671,354,652,317,274.78
2020-02-08,204,1693,118,322,1575,499.98
2020-02-09,515,1980,104,619,1876,456.82
2020-02-10,111,230,348,459,-118,54.16
2020-02-11,679,1296,153,832,1143,188.22
2020-02-12,656,1631,368,1024,1263,310.74
2020-02-13,624,339,157,781,182,59.15
2020-02-14,634,334,352,986,-18,50.89
2020-02-15,900,902,138,1038,764,409.6
2020-02-16,480,1043,215,695,828,401.54
2020-02-17,782,1507,213,995,1294,647.82
2020-02-18,372,1610,391,763,1219,633.86
2020-02-19,917,390,243,1160,147,186.26
2020-02-20,140,434,209,349,225,122.14
2020-02-21,756,1297,419,1175,878,584.78
2020-02-22,263,256,183,446,73,62.47
2020-02-23,597,1383,233,830,1150,236.53
2020-02-24,682,344,243,925,101,123.09
2020-02-25,167,1894,294,461,1600,740.61
2020-02-26,549,348,456,1005,-108,62.12
2020-02-27,499,1011,275,774,736,327.78
2020-02-28,533,1519,270,803,1249,608.51
2020-02-29,265,1923,476,741,1447,272.87
2020-03-01,555,925,374,929,551,330.24
2020-03-02,562,1185,129,691,1056,216.78
2020-03-03,296,1108,303,599,805,305.14
2020-03-04,305,1036,406,711,630,204.72
2020-03-05,522,634,351,873,283,249.54
2020-03-06,302,1249,499,801,750,433.0
2020-03-07,328,507,407,735,100,114.89
2020-03-08,969,555,193,1162,362,60.7
2020-03-09,997,524,438,1435,86,98.16
2020-03-10,796,1826,349,1145,1477,426.46
2020-03-11,405,1530,139,544,1391,589.42
2020-03-12,493,624,149,642,475,201.83
2020-03-13,786,1791,458,1244,1333,254.32
2020-03-14,230,1282,267,497,1015,343.79
2020-03-15,949,1969,328,1277,1641,459.07
2020-03-16,444,532,477,921,55,226.61
2020-03-17,255,1690,110,365,1580,492.25
2020-03-18,463,1190,266,729,924,357.45
2020-03-19,856,1978,248,1104,1730,985.02
2020-03-20,606,1220,464,1070,756,553.29
2020-03-21,993,1694,459,1452,1235,776.94
2020-03-22,946,349,251,1197,98,44.72
2020-03-23,309,1169,413,722,756,466.44
2020-03-24,280,958,264,544,694,440.42
2020-03-25,851,674,402,1253,272,317.76
2020-03-26,940,1053,157,1097,896,525.21
2020-03-27,212,281,456,668,-175,84.87
2020-03-28,712,1089,215,927,874,237.96
2020-03-29,420,324,442,862,-118,159.52
2020-03-30,341,1721,461,802,1260,436.22
2020-03-31,280,672,286,566,386,82.08
2020-04-01,241,1661,491,732,1170,769.76
2020-04-02,885,214,296,1181,-82,69.56
2020-04-03,609,1454,367,976,1087,528.07
2020-04-04,570,1293,468,1038,825,478.28
2020-04-05,431,1168,356,787,812,401.61
2020-04-06,572,673,183,755,490,199.41
2020-04-07,956,381,446,1402,-65,164.21
2020-04-08,853,976,325,1178,651,114.95
2020-04-09,299,1346,133,432,1213,657.65
2020-04-10,897,1766,463,1360,1303,277.57
2020-04-11,104,1614,210,314,1404,435.78
2020-04-12,615,841,369,984,472,336.41
2020-04-13,756,1150,164,920,986,146.93
2020-04-14,833,435,448,1281,-13,158.31
2020-04-15,513,1839,456,969,1383,462.73
2020-04-16,378,1486,251,629,1235,443.93
2020-04-17,208,991,369,577,622,134.49
2020-04-18,413,1263,255,668,1008,446.61
2020-04-19,579,227,476,1055,-249,56.34
2020-04-20,480,1066,128,608,938,516.36
2020-04-21,231,1171,409,640,762,546.92
2020-04-22,983,597,111,1094,486,278.11
2020-04-23,450,1805,281,731,1524,190.83
2020-04-24,390,461,404,794,57,224.15
2020-04-25,222,1942,296,518,1646,274.76
2020-04-26,262,213,447,709,-234,82.02
2020-04-27,821,811,446,1267,365,337.86
2020-04-28,855,376,141,996,235,89.35
2020-04-29,765,632,447,1212,185,182.21
2020-04-30,513,694,439,952,255,201.22
2020-05-01,671,738,183,854,555,300.7
2020-05-02,471,403,179,650,224,105.61
2020-05-03,651,1996,221,872,1775,400.84
2020-05-04,356,964,366,722,598,467.93
2020-05-05,555,223,102,657,121,91.91
2020-05-06,481,1334,465,946,869,420.63
2020-05-07,343,1103,455,798,648,236.53
2020-05-08,305,210,114,419,96,51.41
2020-05-09,186,1719,375,561,1344,291.62
2020-05-10,615,582,272,887,310,257.48
2020-05-11,795,554,163,958,391,180.83
2020-05-12,948,1983,275,1223,1708,928.41
2020-05-13,475,802,460,935,342,116.49
2020-05-14,259,930,304,563,626,463.01
2020-05-15,842,1519,240,1082,1279,195.23
2020-05-16,441,1588,301,742,1287,672.66
2020-05-17,823,1224,177,1000,1047,150.2
2020-05-18,601,445,328,929,117,47.87
2020-05-19,112,1283,348,460,935,137.85
2020-05-20,909,304,223,1132,81,116.92
2020-05-21,427,847,291,718,556,183.42
2020-05-22,844,642,183,1027,459,246.53
2020-05-23,731,1060,324,1055,736,207.14
2020-05-24,977,639,450,1427,189,148.42
2020-05-25,692,1147,235,927,912,559.33
2020-05-26,828,1113,360,1188,753,395.09
2020-05-27,278,1127,363,641,764,349.69
2020-05-28,314,1124,430,744,694,463.73
2020-05-29,516,1073,484,1000,589,512.38
2020-05-30,982,1086,199,1181,887,189.57
2020-05-31,811,1814,302,1113,1512,884.38
2020-06-01,975,1131,224,1199,907,476.49
2020-06-02,136,1963,303,439,1660,315.17
2020-06-03,113,246,186,299,60,40.29
2020-06-04,371,514,466,837,48,72.41
2020-06-05,729,965,405,1134,560,204.99
2020-06-06,745,1677,313,1058,1364,407.21
2020-06-07,696,1132,401,1097,731,477.0
2020-06-08,573,1186,279,852,907,220.53
2020-06-09,962,1049,195,1157,854,340.38
2020-06-10,736,902,153,889,749,326.66
2020-06-11,368,804,178,546,626,111.76
2020-06-12,769,1431,494,1263,937,466.13
2020-06-13,645,1253,203,848,1050,204.69
2020-06-14,752,755,221,973,534,284.39
2020-06-15,707,635,138,845,497,147.08
2020-06-16,806,327,206,1012,121,122.32
2020-06-17,960,1005,120,1080,885,194.66
2020-06-18,806,1045,310,1116,735,500.51
2020-06-19,557,587,345,902,242,247.67
2020-06-20,286,1040,312,598,728,223.83
2020-06-21,162,1639,191,353,1448,186.02
2020-06-22,721,530,406,1127,124,91.21
2020-06-23,512,876,229,741,647,413.17
2020-06-24,657,1032,450,1107,582,512.38
2020-06-25,296,715,287,583,428,112.88
2020-06-26,426,1408,299,725,1109,644.35
2020-06-27,761,497,148,909,349,228.5
2020-06-28,807,239,203,1010,36,39.21
2020-06-29,913,1836,160,1073,1676,254.62
2020-06-30,684,529,185,869,344,149.24
2020-07-01,208,696,384,592,312,300.28
2020-07-02,791,1322,161,952,1161,590.51
2020-07-03,613,1510,290,903,1220,509.98
2020-07-04,152,1992,282,434,1710,367.89
2020-07-05,112,1062,467,579,595,326.31
2020-07-06,388,253,440,828,-187,102.51
2020-07-07,513,1038,481,994,557,323.99
2020-07-08,680,1570,356,1036,1214,317.72
2020-07-09,276,469,305,581,164,83.4
2020-07-10,429,952,480,909,472,292.23
2020-07-11,359,1609,430,789,1179,340.28
2020-07-12,742,793,321,1063,472,340.07
2020-07-13,926,1120,268,1194,852,305.59
2020-07-14,166,1937,172,338,1765,406.38
2020-07-15,820,1820,198,1018,1622,601.25
2020-07-16,374,1535,488,862,1047,629.83
2020-07-17,386,989,143,529,846,478.25
2020-07-18,950,683,370,1320,313,94.73
2020-07-19,900,288,376,1276,-88,38.4
2020-07-20,164,1597,203,367,1394,256.86
2020-07-21,204,205,467,671,-262,56.17
2020-07-22,606,1795,464,1070,1331,510.56
2020-07-23,521,277,126,647,151,35.68
2020-07-24,420,305,233,653,72,128.28
2020-07-25,844,1767,190,1034,1577,635.72
2020-07-26,284,1699,243,527,1456,817.59
2020-07-27,497,1531,215,712,1316,763.42
2020-07-28,147,1686,300,447,1386,397.43
2020-07-29,637,452,152,789,300,211.1
2020-07-30,931,1140,190,1121,950,127.62
2020-07-31,928,1483,249,1177,1234,375.72
2020-08-01,471,1397,152,623,1245,508.84
2020-08-02,942,1742,221,1163,1521,352.98
2020-08-03,934,351,335,1269,16,174.14
2020-08-04,553,1999,257,810,1742,716.67
2020-08-05,558,228,360,918,-132,104.25
2020-08-06,907,1843,461,1368,1382,868.53
2020-08-07,993,1956,114,1107,1842,447.38
2020-08-08,341,1512,431,772,1081,661.95
2020-08-09,908,549,414,1322,135,114.48
2020-08-10,868,932,346,1214,586,265.87
2020-08-11,773,461,158,931,303,151.83
2020-08-12,930,1778,451,1381,1327,787.4
2020-08-13,397,315,320,717,-5,41.22
2020-08-14,534,1960,136,670,1824,438.82
2020-08-15,951,1963,497,1448,1466,633.14
2020-08-16,701,946,301,1002,645,156.27
2020-08-17,268,1840,338,606,1502,651.21
2020-08-18,504,1599,364,868,1235,254.6
2020-08-19,710,992,397,1107,595,443.72
2020-08-20,309,1924,432,741,1492,555.86
2020-08-21,797,1716,397,1194,1319,590.88
2020-08-22,552,1148,186,738,962,558.83
2020-08-23,552,1456,218,770,1238,563.5
2020-08-24,848,962,176,1024,786,452.96
2020-08-25,889,1317,230,1119,1087,618.52
2020-08-26,712,944,144,856,800,301.42
2020-08-27,274,1815,104,378,1711,251.14
2020-08-28,600,1678,417,1017,1261,783.06
2020-08-29,889,1690,296,1185,1394,559.45
2020-08-30,551,770,153,704,617,163.4
2020-08-31,645,1668,106,751,1562,743.65
2020-09-01,870,719,227,1097,492,163.98
2020-09-02,194,1793,283,477,1510,269.38
2020-09-03,156,1100,142,298,958,331.76
2020-09-04,598,850,120,718,730,420.65
2020-09-05,484,939,134,618,805,321.58
2020-09-06,782,1957,132,914,1825,227.21
2020-09-07,582,877,276,858,601,233.97
2020-09-08,351,423,124,475,299,189.45
2020-09-09,511,402,470,981,-68,68.71
2020-09-10,883,1690,274,1157,1416,591.08
2020-09-11,396,629,383,779,246,214.43
2020-09-12,866,1265,448,1314,817,508.28
2020-09-13,239,1875,353,592,1522,538.29
2020-09-14,306,1435,437,743,998,380.28
2020-09-15,820,1212,446,1266,766,245.77
2020-09-16,153,1224,439,592,785,595.74
2020-09-17,318,1731,274,592,1457,777.91
2020-09-18,280,1441,270,550,1171,673.29
2020-09-19,317,1247,433,750,814,466.81
2020-09-20,562,1410,204,766,1206,162.18
2020-09-21,447,1421,112,559,1309,385.05
2020-09-22,348,1155,257,605,898,321.86
2020-09-23,901,425,136,1037,289,72.5
2020-09-24,461,1409,189,650,1220,694.36
2020-09-25,897,815,459,1356,356,322.4
2020-09-26,116,1297,411,527,886,642.02
2020-09-27,876,452,360,1236,92,168.78
2020-09-28,736,1966,429,1165,1537,790.7
2020-09-29,190,1417,375,565,1042,578.26
2020-09-30,252,334,274,526,60,82.3
2020-10-01,435,632,309,744,323,306.19
2020-10-02,826,1143,104,930,1039,362.19
2020-10-03,179,1322,498,677,824,533.21
2020-10-04,559,1326,325,884,1001,424.05
2020-10-05,644,1458,340,984,1118,712.11
2020-10-06,733,559,177,910,382,68.5
2020-10-07,464,1402,275,739,1127,261.99
2020-10-08,338,985,493,831,492,482.42
2020-10-09,517,1856,295,812,1561,377.75
2020-10-10,211,1680,305,516,1375,169.37
2020-10-11,515,1066,462,977,604,184.02
2020-10-12,249,202,149,398,53,38.04
2020-10-13,981,1759,347,1328,1412,332.07
2020-10-14,971,1123,254,1225,869,482.98
2020-10-15,961,711,291,1252,420,343.4
2020-10-16,115,1209,215,330,994,289.51
2020-10-17,679,1862,200,879,1662,804.87
2020-10-18,105,1627,179,284,1448,286.85
2020-10-19,576,1838,209,785,1629,577.75
2020-10-20,562,520,465,1027,55,138.95
2020-10-21,349,682,147,496,535,69.9
2020-10-22,708,881,467,1175,414,410.4
2020-10-23,258,855,377,635,478,297.06
2020-10-24,226,219,499,725,-280,75.4
2020-10-25,387,1377,141,528,1236,554.47
2020-10-26,285,1578,420,705,1158,621.54
2020-10-27,247,343,181,428,162,138.74
2020-10-28,559,1725,224,783,1501,672.19
2020-10-29,925,1290,326,1251,964,420.66
2020-10-30,781,502,145,926,357,177.19
2020-10-31,605,685,225,830,460,92.17
2020-11-01,594,1354,307,901,1047,423.65
2020-11-02,777,1434,210,987,1224,421.97
2020-11-03,975,976,419,1394,557,152.2
2020-11-04,142,1147,352,494,795,460.2
2020-11-05,294,747,472,766,275,331.38
2020-11-06,687,1087,133,820,954,307.13
2020-11-07,308,1432,294,602,1138,659.32
2020-11-08,400,787,401,801,386,193.2
2020-11-09,1000,580,371,1371,209,248.73
2020-11-10,732,1017,161,893,856,180.05
2020-11-11,615,1490,212,827,1278,550.76
2020-11-12,185,572,224,409,348,107.4
2020-11-13,709,562,410,1119,152,250.12
2020-11-14,731,409,417,1148,-8,53.37
2020-11-15,779,967,500,1279,467,318.8
2020-11-16,1000,1984,144,1144,1840,611.5
2020-11-17,737,1725,269,1006,1456,332.9
2020-11-18,496,1621,308,804,1313,427.4
2020-11-19,211,1142,412,623,730,501.8
2020-11-20,849,1504,355,1204,1149,664.5
2020-11-21,475,1623,100,575,1523,744.75
2020-11-22,678,433,106,784,327,105.08
2020-11-23,487,1827,317,804,1510,369.94
2020-11-24,485,288,133,618,155,114.37
2020-11-25,225,1046,304,529,742,505.97
2020-11-26,351,913,229,580,684,290.8
2020-11-27,339,1798,296,635,1502,577.58
2020-11-28,998,666,276,1274,390,119.47
2020-11-29,810,1400,390,1200,1010,510.13
2020-11-30,527,980,273,800,707,161.63
2020-12-01,238,1375,367,605,1008,223.77
2020-12-02,392,568,336,728,232,237.03
2020-12-03,997,712,260,1257,452,154.52
2020-12-04,528,438,190,718,248,89.56
2020-12-05,209,1193,457,666,736,308.49
2020-12-06,689,547,416,1105,131,166.5
2020-12-07,931,1530,247,1178,1283,236.18
2020-12-08,322,1228,262,584,966,268.98
2020-12-09,938,1647,218,1156,1429,720.45
2020-12-10,644,1856,167,811,1689,462.41
2020-12-11,379,708,191,570,517,280.16
2020-12-12,801,557,309,1110,248,183.26
2020-12-13,337,337,210,547,127,161.49
2020-12-14,830,1259,362,1192,897,282.07
2020-12-15,762,1790,184,946,1606,599.76
2020-12-16,887,1542,187,1074,1355,331.16
2020-12-17,921,1826,293,1214,1533,631.11
2020-12-18,289,1696,349,638,1347,248.81
2020-12-19,641,1953,469,1110,1484,793.03
2020-12-20,518,250,219,737,31,94.22
2020-12-21,104,1319,224,328,1095,334.4
2020-12-22,620,1872,271,891,1601,732.95
2020-12-23,531,467,340,871,127,82.11
2020-12-24,397,1136,491,888,645,310.86
2020-12-25,149,574,376,525,198,147.56
2020-12-26,371,884,198,569,686,160.98
2020-12-27,852,1334,500,1352,834,466.68
2020-12-28,861,811,133,994,678,363.36
2020-12-29,425,1943,258,683,1685,432.47
2020-12-30,171,848,166,337,682,308.42
2020-12-31,492,1624,204,696,1420,503.82
2021-01-01,996,1776,167,1163,1609,380.04
2021-01-02,589,1973,484,1073,1489,388.12
2021-01-03,497,374,219,716,155,148.86
2021-01-04,883,898,244,1127,654,147.03
2021-01-05,220,1599,368,588,1231,571.79
2021-01-06,434,1208,463,897,745,258.48
2021-01-07,862,1502,296,1158,1206,698.1
2021-01-08,619,1631,339,958,1292,280.27
2021-01-09,621,826,265,886,561,131.98
2021-01-10,103,1484,189,292,1295,510.02
2021-01-11,137,924,375,512,549,303.81
2021-01-12,488,976,490,978,486,392.12
2021-01-13,559,1938,106,665,1832,373.91
2021-01-14,124,868,192,316,676,305.55
2021-01-15,452,1236,166,618,1070,233.13
2021-01-16,470,1710,347,817,1363,684.75
2021-01-17,813,1051,145,958,906,131.72
2021-01-18,491,1677,159,650,1518,780.57
2021-01-19,548,964,411,959,553,96.67
2021-01-20,457,1954,206,663,1748,275.18
2021-01-21,259,425,328,587,97,170.67
2021-01-22,801,1489,468,1269,1021,396.27
2021-01-23,696,1829,440,1136,1389,279.31
2021-01-24,994,296,238,1232,58,36.16
2021-01-25,397,1158,296,693,862,456.46
2021-01-26,873,1835,202,1075,1633,902.95
2021-01-27,574,275,210,784,65,30.14
2021-01-28,429,1391,412,841,979,465.05
2021-01-29,562,1103,497,1059,606,161.12
2021-01-30,278,1439,265,543,1174,404.56
2021-01-31,760,883,171,931,712,208.07
2021-02-01,522,654,288,810,366,294.18
2021-02-02,377,1460,378,755,1082,303.0
2021-02-03,584,1590,104,688,1486,669.36
2021-02-04,600,1104,170,770,934,425.4
2021-02-05,499,841,250,749,591,299.63
2021-02-06,515,1551,476,991,1075,476.74
2021-02-07,139,548,446,585,102,226.5
2021-02-08,509,438,358,867,80,91.59
2021-02-09,649,1302,139,788,1163,280.94
2021-02-10,728,1748,232,960,1516,372.4
2021-02-11,387,268,331,718,-63,95.66
2021-02-12,488,1030,215,703,815,256.92
2021-02-13,267,1163,395,662,768,310.82
2021-02-14,249,1241,439,688,802,274.68
2021-02-15,123,1504,222,345,1282,530.79
2021-02-16,797,1554,344,1141,1210,318.63
2021-02-17,537,1460,320,857,1140,684.87
2021-02-18,805,1566,240,1045,1326,566.88
2021-02-19,910,748,149,1059,599,243.22
2021-02-20,542,515,460,1002,55,196.56
2021-02-21,583,534,482,1065,52,108.62
2021-02-22,478,1202,474,952,728,433.82
2021-02-23,852,384,164,1016,220,70.79
2021-02-24,121,1616,362,483,1254,268.38
2021-02-25,567,1462,463,1030,999,564.04
2021-02-26,458,792,374,832,418,219.49
2021-02-27,757,1379,472,1229,907,411.39
2021-02-28,711,1004,339,1050,665,401.96
2021-03-01,454,1646,486,940,1160,813.52
2021-03-02,608,1839,412,1020,1427,547.66
2021-03-03,619,232,474,1093,-242,97.36
2021-03-04,549,344,232,781,112,154.64
2021-03-05,634,813,111,745,702,160.14
2021-03-06,659,1885,275,934,1610,608.63
2021-03-07,274,1942,117,391,1825,501.41
2021-03-08,946,1286,238,1184,1048,173.03
2021-03-09,640,608,414,1054,194,151.04
2021-03-10,914,1886,130,1044,1756,832.65
2021-03-11,661,873,482,1143,391,330.25
2021-03-12,763,1451,380,1143,1071,612.68
2021-03-13,761,907,480,1241,427,424.84
2021-03-14,186,1189,375,561,814,345.4
2021-03-15,938,998,239,1177,759,301.48
2021-03-16,905,892,144,1049,748,174.42
2021-03-17,910,585,437,1347,148,168.55
2021-03-18,727,204,163,890,41,89.63
2021-03-19,812,1326,393,1205,933,199.33
2021-03-20,126,373,152,278,221,148.36
2021-03-21,149,981,362,511,619,404.49
2021-03-22,448,1383,452,900,931,286.26
2021-03-23,744,1251,234,978,1017,514.93
2021-03-24,672,1256,469,1141,787,193.38
2021-03-25,464,1810,274,738,1536,463.69
2021-03-26,452,542,330,782,212,62.1
2021-03-27,158,1600,438,596,1162,441.9
2021-03-28,935,532,127,1062,405,100.34
2021-03-29,769,624,104,873,520,212.75
2021-03-30,525,1677,324,849,1353,578.75
2021-03-31,558,1244,385,943,859,138.17
2021-04-01,460,1416,225,685,1191,347.41
2021-04-02,601,544,467,1068,77,112.69
2021-04-03,125,1253,133,258,1120,263.73
2021-04-04,131,1282,323,454,959,328.23
2021-04-05,944,1954,325,1269,1629,317.99
2021-04-06,627,932,466,1093,466,231.95
2021-04-07,923,1794,451,1374,1343,826.05
2021-04-08,627,1694,493,1120,1201,470.61
2021-04-09,996,640,192,1188,448,82.41
2021-04-10,612,1332,374,986,958,413.57
2021-04-11,371,924,168,539,756,267.71
2021-04-12,653,1884,151,804,1733,500.25
2021-04-13,358,667,441,799,226,85.93
2021-04-14,980,460,472,1452,-12,214.3
2021-04-15,784,445,128,912,317,144.05
2021-04-16,146,771,261,407,510,282.17
2021-04-17,392,974,451,843,523,421.78
2021-04-18,123,1788,247,370,1541,495.48
2021-04-19,435,1470,148,583,1322,734.15
2021-04-20,244,891,494,738,397,136.72
2021-04-21,305,264,318,623,-54,81.97
2021-04-22,321,1648,350,671,1298,753.6
2021-04-23,699,211,363,1062,-152,76.92
2021-04-24,499,594,336,835,258,274.35
2021-04-25,918,1117,370,1288,747,551.43
2021-04-26,186,1321,437,623,884,520.12
2021-04-27,316,1840,367,683,1473,300.86
2021-04-28,305,392,394,699,-2,122.06
2021-04-29,176,1543,152,328,1391,213.13
2021-04-30,419,985,382,801,603,253.94
2021-05-01,178,571,120,298,451,86.86
2021-05-02,539,679,206,745,473,99.37
2021-05-03,455,212,170,625,42,78.97
2021-05-04,766,296,344,1110,-48,35.91
2021-05-05,733,490,119,852,371,179.29
2021-05-06,888,1876,338,1226,1538,822.16
2021-05-07,759,1476,362,1121,1114,205.64
2021-05-08,322,1066,265,587,801,443.51
2021-05-09,472,1294,490,962,804,369.49
2021-05-10,494,1391,207,701,1184,322.97
2021-05-11,262,1276,305,567,971,338.93
2021-05-12,996,1639,474,1470,1165,282.16
2021-05-13,944,822,319,1263,503,253.91
2021-05-14,536,389,206,742,183,187.81
2021-05-15,461,381,378,839,3,42.85
2021-05-16,376,453,241,617,212,69.43
2021-05-17,927,963,339,1266,624,475.76
2021-05-18,590,1878,375,965,1503,580.39
2021-05-19,442,1731,389,831,1342,789.41
2021-05-20,934,1741,226,1160,1515,566.05
2021-05-21,489,1769,123,612,1646,301.68
2021-05-22,901,453,214,1115,239,186.79
2021-05-23,589,743,232,821,511,168.09
2021-05-24,107,1754,379,486,1375,804.04
2021-05-25,125,1300,417,542,883,184.15
2021-05-26,551,1986,293,844,1693,621.12
2021-05-27,872,385,406,1278,-21,132.02
2021-05-28,381,1952,417,798,1535,616.2
2021-05-29,497,1520,105,602,1415,575.13
2021-05-30,373,1092,259,632,833,361.79
2021-05-31,639,1683,268,907,1415,712.01
2021-06-01,752,209,272,1024,-63,78.14
2021-06-02,499,1075,366,865,709,425.52
2021-06-03,346,305,116,462,189,51.32
2021-06-04,146,993,470,616,523,421.36
2021-06-05,461,888,288,749,600,290.3
2021-06-06,221,1487,123,344,1364,153.72
2021-06-07,506,1075,163,669,912,267.64
2021-06-08,409,811,384,793,427,353.84
2021-06-09,940,236,288,1228,-52,99.0
2021-06-10,573,1436,492,1065,944,645.65
2021-06-11,563,1695,133,696,1562,828.83
2021-06-12,816,1948,362,1178,1586,825.73
2021-06-13,742,1904,362,1104,1542,352.78
2021-06-14,163,468,304,467,164,72.96
2021-06-15,417,1328,454,871,874,199.86
2021-06-16,947,227,453,1400,-226,80.26
2021-06-17,475,1411,131,606,1280,258.7
2021-06-18,201,736,353,554,383,209.27
2021-06-19,184,392,430,614,-38,101.59
2021-06-20,277,1296,360,637,936,337.27
2021-06-21,545,741,242,787,499,224.22
2021-06-22,297,1102,365,662,737,296.0
2021-06-23,106,613,178,284,435,144.18
2021-06-24,789,1667,128,917,1539,445.49
2021-06-25,273,1597,353,626,1244,772.4
2021-06-26,649,406,421,1070,-15,70.48
2021-06-27,316,1609,450,766,1159,550.38
2021-06-28,703,1200,426,1129,774,405.08
2021-06-29,399,1404,120,519,1284,221.6
2021-06-30,476,1071,383,859,688,128.01
2021-07-01,558,1342,116,674,1226,629.9
2021-07-02,878,518,270,1148,248,146.24
2021-07-03,432,1588,291,723,1297,177.72
2021-07-04,845,1098,347,1192,751,167.01
2021-07-05,348,1296,401,749,895,422.08
2021-07-06,491,391,354,845,37,154.85
2021-07-07,436,373,249,685,124,105.67
2021-07-08,674,516,311,985,205,253.04
2021-07-09,405,1784,486,891,1298,191.45
2021-07-10,250,1813,315,565,1498,887.17
2021-07-11,433,419,188,621,231,142.22
2021-07-12,307,477,123,430,354,186.65
2021-07-13,142,993,449,591,544,207.73
2021-07-14,408,858,440,848,418,241.9
2021-07-15,880,637,492,1372,145,316.78
2021-07-16,879,1361,333,1212,1028,203.88
2021-07-17,830,1860,180,1010,1680,356.85
2021-07-18,285,216,401,686,-185,46.61
2021-07-19,1000,362,365,1365,-3,40.83
2021-07-20,569,202,225,794,-23,36.36
2021-07-21,243,1469,279,522,1190,274.54
2021-07-22,719,1264,106,825,1158,484.28
2021-07-23,716,274,472,1188,-198,34.53
2021-07-24,328,1284,264,592,1020,413.84
2021-07-25,811,1900,487,1298,1413,903.91
2021-07-26,915,1149,318,1233,831,501.8
2021-07-27,162,1640,431,593,1209,416.21
2021-07-28,929,1742,181,1110,1561,350.12
2021-07-29,409,370,399,808,-29,171.22
2021-07-30,293,1745,423,716,1322,714.04
2021-07-31,128,1028,280,408,748,387.98
2021-08-01,273,1607,447,720,1160,575.05
2021-08-02,831,1760,421,1252,1339,260.92
2021-08-03,400,876,145,545,731,338.11
2021-08-04,698,297,156,854,141,58.87
2021-08-05,461,1839,274,735,1565,405.08
2021-08-06,854,1067,254,1108,813,180.52
2021-08-07,756,1598,367,1123,1231,476.49
2021-08-08,432,684,333,765,351,148.44
2021-08-09,617,1803,101,718,1702,325.77
2021-08-10,392,1269,379,771,890,520.47
2021-08-11,305,515,300,605,215,154.25
2021-08-12,756,567,259,1015,308,193.17
2021-08-13,791,813,265,1056,548,86.56
2021-08-14,475,1907,187,662,1720,225.25
2021-08-15,718,1782,279,997,1503,840.57
2021-08-16,818,1591,342,1160,1249,504.45
2021-08-17,980,1173,389,1369,784,122.56
2021-08-18,409,470,281,690,189,50.81
2021-08-19,102,1279,141,243,1138,471.97
2021-08-20,917,980,230,1147,750,172.07
2021-08-21,639,838,457,1096,381,104.13
2021-08-22,280,735,262,542,473,201.41
2021-08-23,502,1363,441,943,922,648.66
2021-08-24,196,627,475,671,152,301.42
2021-08-25,607,1317,408,1015,909,352.9
2021-08-26,776,637,171,947,466,136.24
2021-08-27,319,1681,195,514,1486,462.26
2021-08-28,492,1877,143,635,1734,906.18
2021-08-29,279,855,446,725,409,219.96
2021-08-30,215,1072,334,549,738,257.62
2021-08-31,891,1068,436,1327,632,510.99
2021-09-01,472,1253,351,823,902,213.65
2021-09-02,127,267,115,242,152,60.48
2021-09-03,184,1351,292,476,1059,624.38
2021-09-04,690,233,347,1037,-114,54.3
2021-09-05,962,1601,356,1318,1245,617.42
2021-09-06,713,945,187,900,758,197.12
2021-09-07,358,1968,114,472,1854,245.63
2021-09-08,645,1130,363,1008,767,252.69
2021-09-09,505,590,307,812,283,259.34
2021-09-10,572,990,112,684,878,103.47
2021-09-11,931,309,336,1267,-27,70.6
2021-09-12,344,278,275,619,3,30.76
2021-09-13,331,1896,337,668,1559,631.73
2021-09-14,356,898,304,660,594,302.99
2021-09-15,385,1124,240,625,884,206.93
2021-09-16,895,1121,438,1333,683,321.58
2021-09-17,535,1213,456,991,757,483.69
2021-09-18,218,732,188,406,544,77.77
2021-09-19,112,1194,438,550,756,423.72
2021-09-20,983,1037,104,1087,933,281.24
2021-09-21,373,1050,238,611,812,509.51
2021-09-22,688,487,349,1037,138,119.27
2021-09-23,346,1051,349,695,702,510.39
2021-09-24,631,609,430,1061,179,244.19
2021-09-25,413,857,341,754,516,247.8
2021-09-26,794,537,448,1242,89,198.56
2021-09-27,547,654,257,804,397,219.59
2021-09-28,123,984,165,288,819,300.13
2021-09-29,790,735,499,1289,236,258.04
2021-09-30,122,235,270,392,-35,42.22
2021-10-01,627,1641,108,735,1533,579.66
2021-10-02,362,955,245,607,710,394.74
2021-10-03,914,484,455,1369,29,56.43
2021-10-04,955,468,360,1315,108,64.86
2021-10-05,534,857,214,748,643,413.14
2021-10-06,146,577,478,624,99,202.82
2021-10-07,353,992,354,707,638,123.01
2021-10-08,152,913,227,379,686,216.47
2021-10-09,315,725,119,434,606,337.93
2021-10-10,609,1624,109,718,1515,488.45
2021-10-11,172,1826,421,593,1405,342.87
2021-10-12,435,515,202,637,313,125.57
2021-10-13,418,1735,326,744,1409,752.02
2021-10-14,916,754,379,1295,375,231.25
2021-10-15,729,1432,458,1187,974,407.52
2021-10-16,892,1670,365,1257,1305,733.8
2021-10-17,831,1052,359,1190,693,205.54
2021-10-18,961,844,236,1197,608,107.4
2021-10-19,563,1017,237,800,780,229.7
2021-10-20,389,1684,186,575,1498,765.09
2021-10-21,426,243,497,923,-254,80.64
2021-10-22,260,444,435,695,9,199.41
2021-10-23,882,1953,455,1337,1498,196.94
2021-10-24,883,1991,267,1150,1724,857.38
2021-10-25,622,1767,443,1065,1324,292.5
2021-10-26,472,434,460,932,-26,62.61
2021-10-27,510,1547,291,801,1256,548.86
2021-10-28,628,431,462,1090,-31,125.81
2021-10-29,735,1466,313,1048,1153,420.25
2021-10-30,494,544,393,887,151,179.49
2021-10-31,842,527,364,1206,163,54.53
2021-11-01,296,944,225,521,719,116.39
2021-11-02,595,1156,494,1089,662,564.49
2021-11-03,347,1236,459,806,777,537.64
2021-11-04,151,1618,401,552,1217,216.65
2021-11-05,704,1225,268,972,957,521.82
2021-11-06,253,696,226,479,470,80.13
2021-11-07,701,1014,336,1037,678,290.87
2021-11-08,101,1223,417,518,806,213.49
2021-11-09,436,632,292,728,340,68.14
2021-11-10,528,1005,483,1011,522,381.58
2021-11-11,295,641,375,670,266,65.3
2021-11-12,457,848,500,957,348,313.41
2021-11-13,785,1060,347,1132,713,268.83
2021-11-14,399,1557,142,541,1415,249.06
2021-11-15,189,1515,200,389,1315,702.37
2021-11-16,114,1860,329,443,1531,900.86
2021-11-17,115,362,333,448,29,127.52
2021-11-18,404,1771,354,758,1417,380.89
2021-11-19,833,800,341,1174,459,301.77
2021-11-20,369,1152,306,675,846,522.99
2021-11-21,364,1432,100,464,1332,259.14
2021-11-22,413,368,188,601,180,39.65
2021-11-23,113,1666,159,272,1507,254.68
2021-11-24,107,1835,194,301,1641,240.23
2021-11-25,679,409,175,854,234,204.07
2021-11-26,118,1810,421,539,1389,411.76
2021-11-27,975,387,201,1176,186,78.04
2021-11-28,814,994,489,1303,505,448.54
2021-11-29,242,1809,484,726,1325,377.25
2021-11-30,366,608,187,553,421,66.23
2021-12-01,314,338,231,545,107,102.99
2021-12-02,483,1410,407,890,1003,479.69
2021-12-03,321,1891,465,786,1426,716.28
2021-12-04,926,1623,261,1187,1362,465.37
2021-12-05,707,372,121,828,251,46.72
2021-12-06,719,1410,241,960,1169,700.77
2021-12-07,686,1253,138,824,1115,136.82
2021-12-08,459,1962,378,837,1584,258.16
2021-12-09,355,822,407,762,415,327.84
2021-12-10,946,1427,159,1105,1268,313.05
2021-12-11,201,625,175,376,450,81.91
2021-12-12,909,254,165,1074,89,34.67
2021-12-13,154,840,114,268,726,243.26
2021-12-14,336,303,284,620,19,94.45
2021-12-15,352,382,252,604,130,120.57
2021-12-16,721,304,166,887,138,89.87
2021-12-17,380,1464,153,533,1311,672.44
2021-12-18,160,1586,131,291,1455,395.96
2021-12-19,415,1176,293,708,883,188.38
2021-12-20,863,1794,399,1262,1395,440.26
2021-12-21,915,472,117,1032,355,66.43
2021-12-22,651,1573,462,1113,1111,495.3
2021-12-23,576,1770,325,901,1445,687.53
2021-12-24,254,1606,206,460,1400,473.78
2021-12-25,392,942,210,602,732,411.22
2021-12-26,689,1988,110,799,1878,343.71
2021-12-27,656,1734,143,799,1591,406.1
2021-12-28,287,1483,301,588,1182,472.04
2021-12-29,193,945,403,596,542,248.33
2021-12-30,709,1888,465,1174,1423,792.05
2021-12-31,299,322,147,446,175,155.44
2022-01-01,777,351,397,1174,-46,76.63
2022-01-02,909,1042,333,1242,709,142.13
2022-01-03,780,950,413,1193,537,185.5
2022-01-04,208,388,363,571,25,102.34
2022-01-05,402,1307,239,641,1068,632.35
2022-01-06,596,1090,154,750,936,169.14
2022-01-07,735,390,158,893,232,91.41
2022-01-08,649,1540,398,1047,1142,743.07
2022-01-09,209,1563,268,477,1295,586.02
2022-01-10,192,1286,171,363,1115,551.86
2022-01-11,540,1918,344,884,1574,259.59
2022-01-12,232,773,158,390,615,213.58
2022-01-13,586,1956,364,950,1592,919.32
2022-01-14,464,400,238,702,162,80.6
2022-01-15,596,1217,371,967,846,503.9
2022-01-16,652,1522,322,974,1200,363.75
2022-01-17,163,944,327,490,617,251.12
2022-01-18,249,1376,310,559,1066,364.25
2022-01-19,896,910,145,1041,765,191.43
2022-01-20,797,863,107,904,756,224.2
2022-01-21,764,1027,393,1157,634,479.78
2022-01-22,222,1145,324,546,821,557.25
2022-01-23,490,902,130,620,772,91.91
2022-01-24,892,1825,496,1388,1329,805.07
2022-01-25,181,607,232,413,375,231.1
2022-01-26,902,1927,425,1327,1502,341.09
2022-01-27,104,1053,289,393,764,216.56
2022-01-28,361,304,281,642,23,94.58
2022-01-29,722,555,270,992,285,183.53
2022-01-30,168,774,117,285,657,160.13
2022-01-31,657,1586,433,1090,1153,741.05
2022-02-01,671,1557,298,969,1259,233.12
2022-02-02,544,1764,313,857,1451,266.06
2022-02-03,859,312,387,1246,-75,130.55
2022-02-04,990,287,481,1471,-194,28.78
2022-02-05,292,1001,307,599,694,269.92
2022-02-06,561,1666,256,817,1410,562.7
2022-02-07,671,259,247,918,12,79.76
2022-02-08,409,1699,220,629,1479,726.31
2022-02-09,567,665,202,769,463,191.68
2022-02-10,387,979,285,672,694,432.21
2022-02-11,690,371,127,817,244,91.41
2022-02-12,316,688,265,581,423,146.89
2022-02-13,911,1418,416,1327,1002,368.52
2022-02-14,102,513,218,320,295,132.28
2022-02-15,595,1690,424,1019,1266,308.0
2022-02-16,958,1435,212,1170,1223,158.28
2022-02-17,988,779,388,1376,391,272.72
2022-02-18,109,935,250,359,685,213.9
2022-02-19,728,862,435,1163,427,339.46
2022-02-20,124,1121,461,585,660,234.72
2022-02-21,718,697,379,1097,318,328.18
2022-02-22,266,1481,388,654,1093,420.44
2022-02-23,208,1214,466,674,748,441.65
2022-02-24,200,1512,426,626,1086,176.02
2022-02-25,369,1386,159,528,1227,678.96
2022-02-26,345,1823,463,808,1360,611.55
2022-02-27,599,577,287,886,290,228.27
2022-02-28,759,1678,148,907,1530,412.78
2022-03-01,930,1992,196,1126,1796,777.35
2022-03-02,683,1532,329,1012,1203,410.08
2022-03-03,749,860,230,979,630,234.32
2022-03-04,465,1419,335,800,1084,213.38
2022-03-05,922,1448,450,1372,998,596.36
2022-03-06,728,913,336,1064,577,155.75
2022-03-07,822,1294,172,994,1122,307.21
2022-03-08,446,505,418,864,87,89.39
2022-03-09,397,1353,207,604,1146,665.08
2022-03-10,588,1587,498,1086,1089,634.18
2022-03-11,314,1910,435,749,1475,648.91
2022-03-12,194,1664,190,384,1474,187.34
2022-03-13,485,426,443,928,-17,161.65
2022-03-14,672,1101,427,1099,674,445.81
2022-03-15,871,1088,177,1048,911,201.94
2022-03-16,684,1244,360,1044,884,294.81
2022-03-17,858,1781,104,962,1677,199.33
2022-03-18,920,947,397,1317,550,120.47
2022-03-19,863,1527,271,1134,1256,224.53
2022-03-20,714,1496,413,1127,1083,619.48
2022-03-21,730,808,248,978,560,271.91
2022-03-22,358,676,122,480,554,156.91
2022-03-23,641,1228,133,774,1095,419.05
2022-03-24,136,565,462,598,103,249.77
2022-03-25,484,1407,244,728,1163,473.85
2022-03-26,898,520,154,1052,366,100.55
2022-03-27,285,271,455,740,-184,78.61
2022-03-28,271,1724,380,651,1344,316.29
2022-03-29,149,1880,458,607,1422,418.69
2022-03-30,649,907,329,978,578,363.46
2022-03-31,890,1697,186,1076,1511,578.7
2022-04-01,849,738,444,1293,294,76.64
2022-04-02,159,1608,394,553,1214,356.67
2022-04-03,700,1219,183,883,1036,470.76
2022-04-04,506,487,337,843,150,201.32
2022-04-05,298,1556,288,586,1268,463.07
2022-04-06,749,1487,433,1182,1054,209.94
2022-04-07,369,1771,350,719,1421,212.14
2022-04-08,690,1301,485,1175,816,250.72
2022-04-09,176,796,111,287,685,109.95
2022-04-10,469,1066,105,574,961,493.96
2022-04-11,547,755,215,762,540,200.26
2022-04-12,734,747,320,1054,427,334.51
2022-04-13,617,1398,362,979,1036,514.99
2022-04-14,991,1240,408,1399,832,342.35
2022-04-15,872,1132,243,1115,889,178.54
2022-04-16,191,798,183,374,615,136.2
2022-04-17,449,552,240,689,312,238.3
2022-04-18,932,1661,105,1037,1556,689.05
2022-04-19,661,734,327,988,407,95.24
2022-04-20,769,1473,201,970,1272,281.87
2022-04-21,532,995,495,1027,500,142.78
2022-04-22,490,1072,443,933,629,155.01
2022-04-23,127,1241,233,360,1008,356.01
2022-04-24,986,989,278,1264,711,240.43
2022-04-25,804,362,236,1040,126,160.08
2022-04-26,440,559,385,825,174,263.78
2022-04-27,256,1804,215,471,1589,483.97
2022-04-28,998,918,471,1469,447,373.47
2022-04-29,251,1896,487,738,1409,612.98
2022-04-30,978,1397,170,1148,1227,505.62
2022-05-01,848,1444,414,1262,1030,429.9
2022-05-02,701,1031,305,1006,726,410.97
2022-05-03,167,1541,351,518,1190,498.6
2022-05-04,206,1273,116,322,1157,508.54
2022-05-05,937,1604,489,1426,1115,758.02
2022-05-06,214,1367,105,319,1262,323.42
2022-05-07,796,1944,452,1248,1492,613.02
2022-05-08,527,1461,361,888,1100,523.46
2022-05-09,313,796,253,566,543,118.34
2022-05-10,946,261,360,1306,-99,107.87
2022-05-11,130,1117,224,354,893,358.66
2022-05-12,343,1304,149,492,1155,401.78
2022-05-13,974,1462,140,1114,1322,295.13
2022-05-14,606,351,266,872,85,102.57
2022-05-15,646,1422,123,769,1299,227.84
2022-05-16,443,1902,312,755,1590,337.47
2022-05-17,934,588,248,1182,340,147.75
2022-05-18,773,1726,230,1003,1496,192.66
2022-05-19,847,224,434,1281,-210,54.67
2022-05-20,821,1175,211,1032,964,387.77
2022-05-21,376,1958,148,524,1810,893.71
2022-05-22,216,856,129,345,727,394.07
2022-05-23,864,1729,360,1224,1369,205.85
2022-05-24,585,1988,252,837,1736,821.18
2022-05-25,852,1404,256,1108,1148,203.65
2022-05-26,1000,533,295,1295,238,80.77
2022-05-27,465,1701,323,788,1378,462.24
2022-05-28,901,1190,125,1026,1065,575.37
2022-05-29,184,1018,326,510,692,158.26
2022-05-30,778,1981,446,1224,1535,325.97
2022-05-31,994,1798,292,1286,1506,315.25
2022-06-01,114,1407,101,215,1306,465.61
2022-06-02,501,1173,205,706,968,507.99
2022-06-03,129,919,261,390,658,306.39
2022-06-04,614,1458,368,982,1090,661.03
2022-06-05,337,1508,282,619,1226,328.26
2022-06-06,698,1119,166,864,953,174.33
2022-06-07,770,498,235,1005,263,131.49
2022-06-08,125,730,443,568,287,262.75
2022-06-09,871,1815,280,1151,1535,769.24
2022-06-10,118,259,284,402,-25,90.29
2022-06-11,232,1005,324,556,681,407.91
2022-06-12,544,1254,168,712,1086,204.34
2022-06-13,692,663,430,1122,233,102.61
2022-06-14,558,368,311,869,57,139.25
2022-06-15,807,554,382,1189,172,165.85
2022-06-16,603,1085,113,716,972,234.01
2022-06-17,814,230,468,1282,-238,69.84
2022-06-18,997,1661,365,1362,1296,566.71
2022-06-19,149,1867,205,354,1662,279.13
2022-06-20,504,727,204,708,523,101.04
2022-06-21,359,946,169,528,777,183.94
2022-06-22,883,767,269,1152,498,272.84
2022-06-23,392,1942,392,784,1550,524.42
2022-06-24,912,1681,408,1320,1273,293.8
2022-06-25,269,1005,349,618,656,395.34
2022-06-26,720,412,468,1188,-56,60.91
2022-06-27,417,1088,486,903,602,262.39
2022-06-28,461,984,103,564,881,193.71
2022-06-29,536,712,329,865,383,291.06
2022-06-30,1000,1588,477,1477,1111,616.86
2022-07-01,784,486,464,1248,22,83.46
2022-07-02,521,1956,120,641,1836,702.13
2022-07-03,919,1852,244,1163,1608,220.94
2022-07-04,131,510,240,371,270,92.73
2022-07-05,659,845,259,918,586,168.67
2022-07-06,530,602,413,943,189,72.81
2022-07-07,445,886,443,888,443,160.1
2022-07-08,453,1578,106,559,1472,646.15
2022-07-09,624,1409,371,995,1038,281.5
2022-07-10,845,1084,187,1032,897,423.03
2022-07-11,416,382,259,675,123,130.35
2022-07-12,536,1427,333,869,1094,274.58
2022-07-13,966,1003,385,1351,618,457.56
2022-07-14,842,941,360,1202,581,170.68
2022-07-15,147,1376,198,345,1178,447.32
2022-07-16,306,402,476,782,-74,54.33
2022-07-17,543,678,459,1002,219,177.58
2022-07-18,776,456,127,903,329,205.18
2022-07-19,853,1026,307,1160,719,287.96
2022-07-20,410,1891,440,850,1451,496.73
2022-07-21,520,708,415,935,293,315.89
2022-07-22,965,291,217,1182,74,42.75
2022-07-23,824,356,112,936,244,160.09
2022-07-24,876,562,135,1011,427,109.07
2022-07-25,981,582,458,1439,124,231.8
2022-07-26,432,1787,242,674,1545,397.32
2022-07-27,564,1481,281,845,1200,476.38
2022-07-28,672,354,459,1131,-105,106.31
2022-07-29,575,1386,316,891,1070,654.35
2022-07-30,708,634,393,1101,241,107.54
2022-07-31,778,646,118,896,528,109.91
2022-08-01,346,624,342,688,282,145.68
2022-08-02,361,1780,384,745,1396,620.02
2022-08-03,626,808,217,843,591,165.4
2022-08-04,758,1407,350,1108,1057,458.41
2022-08-05,872,523,222,1094,301,143.57
2022-08-06,875,494,166,1041,328,198.52
2022-08-07,723,426,139,862,287,208.49
2022-08-08,663,1441,230,893,1211,289.26
2022-08-09,263,323,100,363,223,94.2
2022-08-10,600,1860,331,931,1529,702.5
2022-08-11,336,794,255,591,539,175.71
2022-08-12,149,1654,279,428,1375,628.8
2022-08-13,474,789,278,752,511,187.44
2022-08-14,339,1818,387,726,1431,258.75
2022-08-15,758,823,130,888,693,288.99
2022-08-16,564,952,327,891,625,154.67
2022-08-17,474,882,145,619,737,338.78
2022-08-18,770,444,310,1080,134,55.81
2022-08-19,625,1869,284,909,1585,267.79
2022-08-20,871,446,200,1071,246,188.34
2022-08-21,525,1106,396,921,710,298.53
2022-08-22,542,464,444,986,20,69.86
2022-08-23,350,1747,265,615,1482,762.99
2022-08-24,556,709,258,814,451,123.95
2022-08-25,889,1542,370,1259,1172,632.84
2022-08-26,132,1796,418,550,1378,634.33
2022-08-27,322,471,312,634,159,203.31
2022-08-28,481,1028,132,613,896,210.95
2022-08-29,136,1328,244,380,1084,236.12
2022-08-30,343,952,336,679,616,224.89
2022-08-31,116,1682,485,601,1197,521.08
2022-09-01,787,1169,466,1253,703,278.03
2022-09-02,404,995,469,873,526,353.96
2022-09-03,940,1817,119,1059,1698,653.12
2022-09-04,101,599,201,302,398,248.0
2022-09-05,380,370,262,642,108,64.77
2022-09-06,778,1762,452,1230,1310,647.24
2022-09-07,917,686,476,1393,210,229.3
2022-09-08,325,980,474,799,506,200.19
2022-09-09,399,336,181,580,155,101.61
2022-09-10,104,713,156,260,557,117.91
2022-09-11,797,893,111,908,782,425.33
2022-09-12,440,452,295,735,157,72.56
2022-09-13,432,1964,406,838,1558,775.93
2022-09-14,900,1586,444,1344,1142,414.18
2022-09-15,353,1888,178,531,1710,219.94
2022-09-16,169,899,256,425,643,178.07
2022-09-17,852,378,331,1183,47,82.62
2022-09-18,373,1899,473,846,1426,678.06
2022-09-19,918,848,101,1019,747,423.71
2022-09-20,244,1315,139,383,1176,266.18
2022-09-21,299,475,304,603,171,60.0
2022-09-22,753,1590,206,959,1384,704.63
2022-09-23,515,827,374,889,453,232.39
2022-09-24,467,268,496,963,-228,93.77
2022-09-25,285,800,370,655,430,344.03
2022-09-26,824,654,164,988,490,125.84
